25,
26,
24,
27,
28,
22,
5,
10,
9,
13,
11,
7,
6,
8,
23,
2,
1,
42,
43,
44,
45,
46,
47,
48,
49,
40,
51,
41,
52,
53,
34,
36,
39,
38,
32,
35,
33,
37,
17,
54,
30
==========================
40,
41,
54,
55,
56,
57,
58,
59,
60,
62,
66,
71,
146,
147,
148,
149,
150,
151,
153,
155,
156,
157,
158,
159,
160,
161,
162,
163,
164,
165,
166,
167,
168,
171,
284,
285,
286,
287,
288,
289,
290,
291,
292,
293,
294,
295,
296,
297,
298,
299,
300,
301,
303,
304,
305,
306,
307,
308,
309,
310,
311,
312,
313,
314,
315,
316,
317,
318,
319,
320,
321,
322,
323,
324,
325,
326,
327,
328,
329,
331,
332,
334
==========================================
SELECT
	*
FROM
	transactions
WHERE
	expen_id IN (
		25,
		26,
		24,
		27,
		28,
		22,
		5,
		10,
		9,
		13,
		11,
		7,
		6,
		8,
		23,
		2,
		1,
		42,
		43,
		44,
		45,
		46,
		47,
		48,
		49,
		40,
		51,
		41,
		52,
		53,
		34,
		36,
		39,
		38,
		32,
		35,
		33,
		37,
		17,
		54,
		30
	)
	=========================
	DELETE
FROM
	transactions
WHERE
	id IN (84,85,169,170)
	===========
	DELETE
FROM
	expenses
WHERE
	id IN (
		25,
		26,
		24,
		27,
		28,
		22,
		5,
		10,
		9,
		13,
		11,
		7,
		6,
		8,
		23,
		2,
		1,
		42,
		43,
		44,
		45,
		46,
		47,
		48,
		49,
		40,
		51,
		41,
		52,
		53,
		34,
		36,
		39,
		38,
		32,
		35,
		33,
		37,
		17,
		54,
		30
	)
	==================
	DELETE
FROM
	transactions
WHERE
	id IN (
		40,
		41,
		54,
		55,
		56,
		57,
		58,
		59,
		60,
		62,
		66,
		71,
		146,
		147,
		148,
		149,
		150,
		151,
		153,
		155,
		156,
		157,
		158,
		159,
		160,
		161,
		162,
		163,
		164,
		165,
		166,
		167,
		168,
		171,
		284,
		285,
		286,
		287,
		288,
		289,
		290,
		291,
		292,
		293,
		294,
		295,
		296,
		297,
		298,
		299,
		300,
		301,
		303,
		304,
		305,
		306,
		307,
		308,
		309,
		310,
		311,
		312,
		313,
		314,
		315,
		316,
		317,
		318,
		319,
		320,
		321,
		322,
		323,
		324,
		325,
		326,
		327,
		328,
		329,
		331,
		332,
		334
	)